04.3 31.2 27.1 14.2 
09.3 43.2 27.1 10.1 07.2 54.3 
29.1 41.2 22.3 15.1 05.2 36.3 21.1 
02.3 51.1 38.2 03.1 
16.2 18.3 51.1 29.2 33.1 36.3 30.1 
11.1 27.3 22.2 05.3 27.1 29.2 10.1 
09.3 12.1 
50.3 47.2 12.1 
06.1 33.2 15.3 48.3 35.2 54.1 29.1 45.3 38.2 08.1 19.3 09.2 
51.2 19.3 38.1 46.1 48.2 29.3 24.3 11.1 14.2 40.2 02.1 18.3 12.2 
20.2 49.3 27.1 38.2 28.1 29.3 
18.3 30.2 31.1 22.3 04.2 
29.3 01.2 25.1 34.1 20.3 04.2 21.1 
37.1 30.2 42.3 35.3 21.2 34.1 
29.3 18.1 26.2 02.3 
29.3 46.2 01.1 20.2 50.1 42.3 31.3 04.1 03.2 18.2 33.1 05.3 
17.2 22.3 
13.3 42.2 54.1 25.2 30.1 31.3 38.1 04.2 19.3 35.3 31.2 28.1 09.1 41.2 
33.3 19.2 02.1 
02.2 47.1 32.3 54.2 05.3 34.1 21.1 20.2 
01.1 34.2 23.3 39.2 32.1 35.3 
07.2 21.3 06.1 50.1 48.2 
25.1 48.2 27.3 14.3 49.2 
28.1 35.2 51.3 04.3 03.2 54.1 24.2 18.1 44.3 07.1 32.2 22.3 48.2 31.3 
36.3 16.1 28.2 42.2 15.3 
39.1 49.2 37.3 19.2 36.1 17.3 20.3 
29.1 08.3 09.2 
30.1 03.2 40.3 02.2 
47.1 38.3 22.2 28.3 18.2 30.1 23.1 
35.2 28.3 42.1 06.3 39.1 16.2 35.1 15.2 16.3 25.2 52.3 54.1 40.3 42.1 
19.3 36.1 11.2 54.1 30.3 33.2 06.1 25.2 20.3 
40.2 39.3 21.1 02.2 42.3 32.1 44.1 34.2 36.3 28.2 49.3 05.1 54.2 46.1 15.3 17.2 39.3 05.1 06.2 
27.2 42.1 07.3 
19.1 29.2 09.3 27.2 20.1 
40.3 41.2 
33.1 49.3 31.2 
28.2 03.3 
29.2 01.1 23.3 31.3 45.2 04.1 51.1 02.3 
47.3 28.2 
22.1 33.2 25.3 29.2 54.3 10.1 
05.2 44.3 23.1 51.3 47.1 25.2 24.2 
49.1 43.3 36.2 38.3 27.2 10.1 36.2 33.3 17.1 
13.3 21.1 19.2 02.3 24.1 39.2 45.2 32.3 46.1 19.2 30.1 04.3 42.2 35.3 12.1 
33.1 22.2 20.3 06.1 
11.3 26.2 54.1 29.2 43.1 
44.2 19.3 54.1 11.3 34.2 28.1 27.3 16.2 18.1 15.1 30.2 07.3 48.2 30.1 33.3 41.2 07.1 
21.1 11.3 18.2 
27.1 29.3 44.2 08.3 50.2 47.1 53.3 
42.1 38.2 53.3 07.3 05.1 33.2 38.1 36.2 20.3 
01.2 45.1 48.3 42.3 21.1 53.2 41.2 
32.1 29.3 47.2 40.1 19.3 07.2 48.1 
35.2 32.3 23.1 16.2 15.3 
07.1 43.3 08.2 
15.3 11.1 51.2 45.3 52.2 13.1 01.2 13.3 39.1 28.3 32.1 10.2 
48.3 49.1 10.2 20.3 22.1 04.2 10.1 30.3 27.2 35.2 17.1 48.3 
04.2 31.1 
29.3 24.1 19.2 47.1 34.2 29.3 
32.1 42.3 15.2 18.3 37.2 
15.3 17.2 31.1 41.2 53.1 36.3 29.2 40.1 
09.1 34.2 40.3 35.1 
12.1 19.2 36.3 10.1 38.2 35.3 
44.3 16.2 06.1 14.2 39.1 03.3 30.3 41.1 
25.2 41.1 16.3 11.3 07.2 31.1 44.1 14.2 53.3 39.1 38.3 
08.2 15.3 42.1 53.2 08.3 40.1 46.3 27.1 04.2 
45.1 27.3 13.2 46.2 09.1 36.3 40.3 36.1 34.2 04.3 35.2 
49.2 17.3 43.1 20.2 15.3 12.1 18.3 
36.1 44.2 35.3 
40.3 38.2 27.1 15.2 04.1 03.3 09.3 19.2 20.1 
04.1 17.2 39.3 30.1 53.2 42.3 
37.3 51.1 12.2 17.1 09.3 50.2 
46.3 22.1 21.2 40.3 31.1 17.2 12.2 47.1 
22.3 17.1 02.2 36.2 25.1 33.3 30.3 38.2 12.1 36.2 14.3 49.1 
26.3 44.1 16.2 28.1 18.3 43.2 
34.3 31.1 28.2 45.1 14.2 08.3 13.1 
26.2 03.3 24.1 30.1 48.2 01.3 51.2 04.1 22.3 38.3 24.1 44.2 49.3 29.2 
27.1 30.3 03.2 43.3 41.2 51.1 52.1 28.2 08.3 51.2 19.3 36.1 26.2 
05.2 52.3 44.1 11.1 06.3 
19.3 35.1 49.2 42.3 37.1 19.2 03.1 43.2 51.3 33.2 10.1 54.3 38.3 
24.1 32.3 45.2 26.1 46.3 27.2 
11.2 08.3 
01.1 20.3 04.2 15.2 10.3 49.1 26.3 17.1 32.2 53.1 48.2 08.3 13.2 41.1 49.3 29.2 31.3 
08.3 05.1 35.2 37.3 15.1 21.2 54.2 09.1 
27.1 33.2 26.3 
13.3 26.1 39.2 04.2 21.3 42.1 05.1 
42.2 14.3 
45.3 40.1 10.2 32.1 
41.2 25.3 27.1 
16.2 43.3 31.1 14.3 
38.3 47.2 25.1 05.2 30.1 51.3 40.3 51.2 54.1 23.2 36.3 51.1 25.2 
13.2 45.3 49.1 37.2 31.3 33.1 15.2 18.1 52.3 41.3 16.1 13.2 36.3 22.1 53.2 
40.3 27.1 46.2 45.2 35.3 01.1 
30.2 13.1 26.3 20.2 43.3 17.1 50.1 
47.3 53.2 40.1 05.3 14.2 19.1 20.3 
40.1 19.2 44.3 53.1 14.2 33.3 34.2 03.1 
34.3 36.1 30.2 37.2 42.1 53.3 
44.1 39.2 43.3 
05.2 06.3 
35.1 11.3 17.2 
42.3 48.2 54.1 40.1 
41.2 52.1 09.3 14.1 39.3 34.2 41.3 36.1 19.2 53.2 
